 -------------------------------------------------------------------
 Iterations  Inter. Iter.  Objective func.  Optimality cond.  Idelta
 -------------------------------------------------------------------
     0             -        5.000000E+01            -           10
     1             8        5.000000E+01      1.000000E+01      10
     2             9        5.000000E+01      1.000000E+01      10
     3             9        5.000000E+01      1.000000E+01      10
     4             9        5.000000E+01      1.000000E+01      10
     5             9        5.000000E+01      1.000000E+01      10
     6             9        5.000000E+01      1.000000E+01      10
     7             9        5.000000E+01      1.000000E+01      10
     8             9        5.000000E+01      1.000000E+01      10
     9             9        5.000000E+01      1.000000E+01      10
    10             9        5.000000E+01      1.000000E+01      10
    11             9        5.000000E+01      1.000000E+01      10
    12             9        5.000000E+01      1.000000E+01      10
    13             9        5.000000E+01      1.000000E+01      10
    14             9        5.000000E+01      1.000000E+01      10
    15             9        5.000000E+01      1.000000E+01      10
    16             9        5.000000E+01      1.000000E+01      10
    17             9        5.000000E+01      1.000000E+01      10
    18             9        5.000000E+01      1.000000E+01      10
    19             9        5.000000E+01      1.000000E+01      10
    20             9        5.000000E+01      1.000000E+01      10
    21             9        5.000000E+01      1.000000E+01      10
    22             9        5.000000E+01      1.000000E+01      10
    23             9        5.000000E+01      1.000000E+01      10
    24             9        5.000000E+01      1.000000E+01      10
    25             9        5.000000E+01      1.000000E+01      10
    26             9        5.000000E+01      1.000000E+01      10
    27             9        5.000000E+01      1.000000E+01      10
    28             9        5.000000E+01      1.000000E+01      10
    29            10        5.000000E+01      1.000000E+01      10
    30            10        5.000000E+01      1.000000E+01      10
    31            10        5.000000E+01      1.000000E+01      10
    32            10        5.000000E+01      1.000000E+01      10
    33            10        5.000000E+01      1.000000E+01      10
    34            10        5.000000E+01      1.000000E+01      10
    35            10        5.000000E+01      1.000000E+01      10
    36            10        5.000000E+01      1.000000E+01      10
    37            10        5.000000E+01      1.000000E+01      10
    38            10        5.000000E+01      1.000000E+01      10
    39            10        5.000000E+01      1.000000E+01      10
    40            10        5.000000E+01      1.000000E+01      10
    41            10        5.000000E+01      1.000000E+01      10
    42            10        5.000000E+01      1.000000E+01      10
    43            10        5.000000E+01      1.000000E+01      10
    44            10        5.000000E+01      1.000000E+01      10
    45            10        5.000000E+01      1.000000E+01      10
    46            10        5.000000E+01      1.000000E+01      10
    47            10        5.000000E+01      1.000000E+01      10
    48            10        5.000000E+01      1.000000E+01      10
    49            10        5.000000E+01      1.000000E+01      10
    50            10        5.000000E+01      1.000000E+01      10
    51            10        5.000000E+01      1.000000E+01      10
    52            10        5.000000E+01      1.000000E+01      10
    53            10        5.000000E+01      1.000000E+01      10
    54            10        5.000000E+01      1.000000E+01      10
    55            10        5.000000E+01      1.000000E+01      10
    56            10        5.000000E+01      1.000000E+01      10
    57            10        5.000000E+01      1.000000E+01      10
    58            10        5.000000E+01      1.000000E+01      10
    59            10        5.000000E+01      1.000000E+01      10
    60            10        5.000000E+01      1.000000E+01      10
    61            10        5.000000E+01      1.000000E+01      10
    62            10        5.000000E+01      1.000000E+01      10
    63            10        5.000000E+01      1.000000E+01      10
    64            10        5.000000E+01      1.000000E+01      10
    65            10        5.000000E+01      1.000000E+01      10
    66            10        5.000000E+01      1.000000E+01      10
    67            10        5.000000E+01      1.000000E+01      10
    68            10        5.000000E+01      1.000000E+01      10
    69            10        5.000000E+01      1.000000E+01      10
    70            10        5.000000E+01      1.000000E+01      10
    71            10        5.000000E+01      1.000000E+01      10
    72            10        5.000000E+01      1.000000E+01      10
    73            10        5.000000E+01      1.000000E+01      10
    74            10        5.000000E+01      1.000000E+01      10
    75            10        5.000000E+01      1.000000E+01      10
    76            10        5.000000E+01      1.000000E+01      10
    77            10        5.000000E+01      1.000000E+01      10
    78            10        5.000000E+01      1.000000E+01      10
    79            10        5.000000E+01      1.000000E+01      10
    80            10        5.000000E+01      1.000000E+01      10
    81            10        5.000000E+01      1.000000E+01      10
    82            10        5.000000E+01      1.000000E+01      10
    83            10        5.000000E+01      1.000000E+01      10
    84            10        5.000000E+01      1.000000E+01      10
    85            10        5.000000E+01      1.000000E+01      10
    86            10        5.000000E+01      1.000000E+01      10
    87            10        5.000000E+01      1.000000E+01      10
    88            10        5.000000E+01      1.000000E+01      10
    89            10        5.000000E+01      1.000000E+01      10
    90            10        5.000000E+01      1.000000E+01      10
    91            10        5.000000E+01      1.000000E+01      10
    92            10        5.000000E+01      1.000000E+01      10
    93            10        5.000000E+01      1.000000E+01      10
    94            10        5.000000E+01      1.000000E+01      10
    95            10        5.000000E+01      1.000000E+01      10
    96            10        5.000000E+01      1.000000E+01      10
    97            10        5.000000E+01      1.000000E+01      10
    98            10        5.000000E+01      1.000000E+01      10
    99            10        5.000000E+01      1.000000E+01      10
   100            10        5.000000E+01      1.000000E+01      10
   101            10        5.000000E+01      1.000000E+01      10
   102            10        5.000000E+01      1.000000E+01      10
   103            11        5.000000E+01      1.000000E+01      10
   104            11        5.000000E+01      1.000000E+01      10
   105            11        5.000000E+01      1.000000E+01      10
   106            11        5.000000E+01      1.000000E+01      10
   107            11        5.000000E+01      1.000000E+01      10
   108            11        5.000000E+01      1.000000E+01      10
   109            11        5.000000E+01      1.000000E+01      10
   110            11        5.000000E+01      1.000000E+01      10
   111            11        5.000000E+01      1.000000E+01      10
   112            11        5.000000E+01      1.000000E+01      10
   113            11        5.000000E+01      1.000000E+01      10
   114            11        5.000000E+01      1.000000E+01      10
   115            11        5.000000E+01      1.000000E+01      10
   116            11        5.000000E+01      1.000000E+01      10
   117            11        5.000000E+01      1.000000E+01      10
   118            11        5.000000E+01      1.000000E+01      10
   119            11        5.000000E+01      1.000000E+01      10
   120            11        5.000000E+01      1.000000E+01      10
   121            11        5.000000E+01      1.000000E+01      10
   122            11        5.000000E+01      1.000000E+01      10
   123            11        5.000000E+01      1.000000E+01      10
   124            11        5.000000E+01      1.000000E+01      10
   125            11        5.000000E+01      1.000000E+01      10
   126            11        5.000000E+01      1.000000E+01      10
   127            11        5.000000E+01      1.000000E+01      10
   128            11        5.000000E+01      1.000000E+01      10
   129            11        5.000000E+01      1.000000E+01      10
   130            11        5.000000E+01      1.000000E+01      10
   131            11        5.000000E+01      1.000000E+01      10
   132            11        5.000000E+01      1.000000E+01      10
   133            11        5.000000E+01      1.000000E+01      10
   134            11        5.000000E+01      1.000000E+01      10
   135            11        5.000000E+01      1.000000E+01      10
   136            11        5.000000E+01      1.000000E+01      10
   137            11        5.000000E+01      1.000000E+01      10
   138            11        5.000000E+01      1.000000E+01      10
   139            11        5.000000E+01      1.000000E+01      10
   140            11        5.000000E+01      1.000000E+01      10
   141            11        5.000000E+01      1.000000E+01      10
   142            11        5.000000E+01      1.000000E+01      10
   143            11        5.000000E+01      1.000000E+01      10
   144            11        5.000000E+01      1.000000E+01      10
   145            11        5.000000E+01      1.000000E+01      10
   146            11        5.000000E+01      1.000000E+01      10
   147            11        5.000000E+01      1.000000E+01      10
   148            11        5.000000E+01      1.000000E+01      10
   149            11        5.000000E+01      1.000000E+01      10
   150            11        5.000000E+01      1.000000E+01      10
   151            11        5.000000E+01      1.000000E+01      10
   152            11        5.000000E+01      1.000000E+01      10
   153            11        5.000000E+01      1.000000E+01      10
   154            11        5.000000E+01      1.000000E+01      10
   155            11        5.000000E+01      1.000000E+01      10
   156            11        5.000000E+01      1.000000E+01      10
   157            11        5.000000E+01      1.000000E+01      10
   158            11        5.000000E+01      1.000000E+01      10
   159            11        5.000000E+01      1.000000E+01      10
   160            11        5.000000E+01      1.000000E+01      10
   161            11        5.000000E+01      1.000000E+01      10
   162            11        5.000000E+01      1.000000E+01      10
   163            11        5.000000E+01      1.000000E+01      10
   164            11        5.000000E+01      1.000000E+01      10
   165            11        5.000000E+01      1.000000E+01      10
   166            11        5.000000E+01      1.000000E+01      10
   167            11        5.000000E+01      1.000000E+01      10
   168            11        5.000000E+01      1.000000E+01      10
   169            11        5.000000E+01      1.000000E+01      10
   170            11        5.000000E+01      1.000000E+01      10
   171            11        5.000000E+01      1.000000E+01      10
   172            11        5.000000E+01      1.000000E+01      10
   173            11        5.000000E+01      1.000000E+01      10
   174            11        5.000000E+01      1.000000E+01      10
   175            11        5.000000E+01      1.000000E+01      10
   176            11        5.000000E+01      1.000000E+01      10
   177            11        5.000000E+01      1.000000E+01      10
   178            11        5.000000E+01      1.000000E+01      10
   179            11        5.000000E+01      1.000000E+01      10
   180            11        5.000000E+01      1.000000E+01      10
   181            11        5.000000E+01      1.000000E+01      10
   182            11        5.000000E+01      1.000000E+01      10
   183            11        5.000000E+01      1.000000E+01      10
   184            11        5.000000E+01      1.000000E+01      10
   185            11        5.000000E+01      1.000000E+01      10
   186            11        5.000000E+01      1.000000E+01      10
   187            11        5.000000E+01      1.000000E+01      10
   188            11        5.000000E+01      1.000000E+01      10
   189            11        5.000000E+01      1.000000E+01      10
   190            11        5.000000E+01      1.000000E+01      10
   191            11        5.000000E+01      1.000000E+01      10
   192            11        5.000000E+01      1.000000E+01      10
   193            11        5.000000E+01      1.000000E+01      10
   194            11        5.000000E+01      1.000000E+01      10
   195            11        5.000000E+01      1.000000E+01      10
   196            11        5.000000E+01      1.000000E+01      10
   197            11        5.000000E+01      1.000000E+01      10
   198            11        5.000000E+01      1.000000E+01      10
   199            11        5.000000E+01      1.000000E+01      10
   200            11        5.000000E+01      1.000000E+01      10
   201            11        5.000000E+01      1.000000E+01      10
   202            11        5.000000E+01      1.000000E+01      10
   203            11        5.000000E+01      1.000000E+01      10
   204            11        5.000000E+01      1.000000E+01      10
   205            11        5.000000E+01      1.000000E+01      10
   206            11        5.000000E+01      1.000000E+01      10
   207            11        5.000000E+01      1.000000E+01      10
   208            11        5.000000E+01      1.000000E+01      10
   209            11        5.000000E+01      1.000000E+01      10
   210            11        5.000000E+01      1.000000E+01      10
   211            11        5.000000E+01      1.000000E+01      10
   212            11        5.000000E+01      1.000000E+01      10
   213            11        5.000000E+01      1.000000E+01      10
   214            11        5.000000E+01      1.000000E+01      10
   215            11        5.000000E+01      1.000000E+01      10
   216            11        5.000000E+01      1.000000E+01      10
   217            11        5.000000E+01      1.000000E+01      10
   218            11        5.000000E+01      1.000000E+01      10
   219            11        5.000000E+01      1.000000E+01      10
   220            11        5.000000E+01      1.000000E+01      10
   221            11        5.000000E+01      1.000000E+01      10
   222            11        5.000000E+01      1.000000E+01      10
   223            11        5.000000E+01      1.000000E+01      10
   224            11        5.000000E+01      1.000000E+01      10
   225            11        5.000000E+01      1.000000E+01      10
   226            11        5.000000E+01      1.000000E+01      10
   227            11        5.000000E+01      1.000000E+01      10
   228            11        5.000000E+01      1.000000E+01      10
   229            11        5.000000E+01      1.000000E+01      10
   230            11        5.000000E+01      1.000000E+01      10
   231            11        5.000000E+01      1.000000E+01      10
   232            11        5.000000E+01      1.000000E+01      10
   233            11        5.000000E+01      1.000000E+01      10
   234            11        5.000000E+01      1.000000E+01      10
   235            11        5.000000E+01      1.000000E+01      10
   236            11        5.000000E+01      1.000000E+01      10
   237            11        5.000000E+01      1.000000E+01      10
   238            11        5.000000E+01      1.000000E+01      10
   239            11        5.000000E+01      1.000000E+01      10
   240            11        5.000000E+01      1.000000E+01      10
   241            11        5.000000E+01      1.000000E+01      10
   242            11        5.000000E+01      1.000000E+01      10
   243            11        5.000000E+01      1.000000E+01      10
   244            11        5.000000E+01      1.000000E+01      10
   245            11        5.000000E+01      1.000000E+01      10
   246            11        5.000000E+01      1.000000E+01      10
   247            11        5.000000E+01      1.000000E+01      10
   248            11        5.000000E+01      1.000000E+01      10
   249            11        5.000000E+01      1.000000E+01      10
   250            12        5.000000E+01      1.000000E+01      10
   251            12        5.000000E+01      1.000000E+01      10
   252            12        5.000000E+01      1.000000E+01      10
   253            12        5.000000E+01      1.000000E+01      10
   254            13        5.000000E+01      1.000000E+01      10
   255            13        5.000000E+01      1.000000E+01      10
   256            13        5.000000E+01      1.000000E+01      10
   257            13        5.000000E+01      1.000000E+01      10
   258            13        5.000000E+01      1.000000E+01      10
   259            13        5.000000E+01      1.000000E+01      10
   260            13        5.000000E+01      1.000000E+01      10
   261            13        5.000000E+01      1.000000E+01      10
   262            13        5.000000E+01      1.000000E+01      10
   263            13        5.000000E+01      1.000000E+01      10
   264            13        5.000000E+01      1.000000E+01      10
   265            13        5.000000E+01      1.000000E+01      10
   266            13        5.000000E+01      1.000000E+01      10
   267            13        5.000000E+01      1.000000E+01      10
   268            13        5.000000E+01      1.000000E+01      10
   269            13        5.000000E+01      1.000000E+01      10
   270            13        5.000000E+01      1.000000E+01      10
   271            13        5.000000E+01      1.000000E+01      10
   272            13        5.000000E+01      1.000000E+01      10
   273            13        5.000000E+01      1.000000E+01      10
   274            13        5.000000E+01      1.000000E+01      10
   275            13        5.000000E+01      1.000000E+01      10
   276            13        5.000000E+01      1.000000E+01      10
   277            13        5.000000E+01      1.000000E+01      10
   278            13        5.000000E+01      1.000000E+01      10
   279            13        5.000000E+01      1.000000E+01      10
   280            13        5.000000E+01      1.000000E+01      10
   281            13        5.000000E+01      1.000000E+01      10
   282            13        5.000000E+01      1.000000E+01      10
   283            13        5.000000E+01      1.000000E+01      10
   284            13        5.000000E+01      1.000000E+01      10
   285            13        5.000000E+01      1.000000E+01      10
   286            13        5.000000E+01      1.000000E+01      10
   287            13        5.000000E+01      1.000000E+01      10
   288            13        5.000000E+01      1.000000E+01      10
   289            13        5.000000E+01      1.000000E+01      10
   290            13        5.000000E+01      1.000000E+01      10
   291            13        5.000000E+01      1.000000E+01      10
   292            13        5.000000E+01      1.000000E+01      10
   293            13        5.000000E+01      1.000000E+01      10
   294            13        5.000000E+01      1.000000E+01      10
   295            13        5.000000E+01      1.000000E+01      10
   296            13        5.000000E+01      1.000000E+01      10
   297            13        5.000000E+01      1.000000E+01      10
   298            13        5.000000E+01      1.000000E+01      10
   299            13        5.000000E+01      1.000000E+01      10
   300            13        5.000000E+01      1.000000E+01      10
   301            13        5.000000E+01      1.000000E+01      10
   302            13        5.000000E+01      1.000000E+01      10
   303            13        5.000000E+01      1.000000E+01      10
   304            13        5.000000E+01      1.000000E+01      10
   305            13        5.000000E+01      1.000000E+01      10
   306            13        5.000000E+01      1.000000E+01      10
