29
1 0.207000 0.115000 0.126000 1.500000
2 0.301000 0.147000 0.171000 2.500000
3 0.409000 0.389000 0.184000 3.500000
4 0.589000 0.516000 0.286000 4.500000
5 0.757000 0.669000 0.400000 5.500000
6 0.669000 0.768000 0.503000 6.500000
7 0.797000 0.786000 0.524000 7.500000
8 0.818000 0.798000 0.634000 8.500000
9 0.866000 0.878000 0.742000 9.500000
10 0.859000 0.861000 0.664000 10.500000
11 0.908000 0.844000 0.735000 11.500000
12 0.923000 0.881000 0.815000 12.500000
13 0.889000 0.895000 0.768000 13.500000
14 0.936000 0.882000 0.842000 14.500000
15 0.889000 0.869000 0.760000 16.000000
17 0.898000 0.895000 0.869000 18.000000
19 0.959000 0.911000 0.844000 20.000000
21 0.957000 0.920000 0.852000 22.000000
23 0.937000 0.915000 0.907000 24.000000
25 0.918000 0.950000 0.935000 26.000000
27 0.000000 0.000000 0.000000 28.000000
29 0.000000 0.000000 0.000000 30.000000
31 0.000000 0.000000 0.000000 32.000000
33 0.000000 0.000000 0.000000 34.000000
35 0.967000 0.906000 0.899000 37.500000
40 0.946000 0.933000 0.955000 42.500000
45 0.961000 0.917000 0.937000 50.000000
55 0.968000 0.898000 0.933000 60.000000
65 0.968000 0.839000 0.917000 70.000000
