6.649835E+00 2.092175E+00 ************ 2.697473E+00
6.649835E+00 2.092175E+00 ************ 2.697473E+00
6.649835E+00 2.092175E+00 ************ 2.697473E+00
6.649835E+00 2.092175E+00 ************ 2.697473E+00
6.649835E+00 2.092175E+00 ************ 2.697473E+00
6.781192E+00 1.841094E+00 ************ 2.829867E+00
6.781192E+00 1.841094E+00 ************ 2.829867E+00
6.781192E+00 1.841094E+00 ************ 2.829867E+00
6.781192E+00 1.841094E+00 ************ 2.829867E+00
6.781192E+00 1.841094E+00 ************ 2.829867E+00
7.278582E+00 2.028035E+00 ************ 2.862692E+00
7.278582E+00 2.028035E+00 ************ 2.862692E+00
7.278582E+00 2.028035E+00 ************ 2.862692E+00
7.278582E+00 2.028035E+00 ************ 2.862692E+00
7.278582E+00 2.028035E+00 ************ 2.862692E+00
